0,169,111,227,263,299,328,289,148
169,0,231,175,356,268,215,359,310
111,231,0,282,150,372,363,397,255
227,175,282,0,444,92,103,189,379
263,356,150,444,0,538,523,553,412
299,268,372,92,538,0,139,226,415
328,215,363,103,523,139,0,293,426
289,359,397,189,553,226,293,0,308
148,310,255,379,412,415,426,308,0
